1, 2, 2, 2, 2, 2, 2, 2, 2, 2, 2, 2, 2, 2, 2, 2, 2, 2, 2, 2, 2, 2, 2, 2, 2, 2, 2, 2, 2, 2, 2, 2, 2, 2, 2, 2, 2, 2, 2, 2, 2, 2, 2, 2, 2, 2, 2, 2, 2, 2, 2, 2, 2, 2, 2, 2, 2, 2, 2, 2, 2, 2, 2, 2, 2, 2, 2, 2, 2, 2, 2, 2, 2, 2, 2, 2, 2, 2, 2, 2, 2, 2, 2, 2, 2, 2, 2, 2, 2, 2, 2, 2, 2, 2, 2, 2, 2, 2, 2, 2, 2, 2, 2, 2, 2, 2, 2, 2, 2, 2, 2, 2, 2, 2, 2, 2, 2, 2, 2, 2, 2, 2, 2, 2, 2, 2, 2, 2, 2, 2, 2, 2, 2, 2, 2, 2, 2, 2, 2, 2, 2, 2, 2, 2, 2, 2, 2, 2, 2, 2, 2, 2, 2, 2, 2, 3, 4, 4, 4, 4, 4, 4, 4, 4, 4, 4, 4, 4, 4, 4, 4, 4, 4, 4, 4, 4
,
5, 6, 6, 6, 6, 6, 6, 6, 6, 6, 6, 6, 6, 6, 6, 6, 6, 6, 6, 6, 6, 6, 6, 6, 6, 6, 6, 7, 8, 6, 6, 6, 6, 6, 6, 6, 6, 6, 6, 6, 6, 6, 6, 6, 9, 10, 6, 6, 6, 6, 6, 6, 6, 6, 6, 6, 6, 6, 6, 6, 6, 6, 6, 6, 6, 6, 6, 6, 9, 10, 6, 6, 6, 6, 6, 6, 6, 6, 6, 6, 6, 6, 6, 7, 8, 6, 6, 6, 6, 6, 6, 6, 6, 6, 6, 6, 6, 6, 11, 12, 6, 6, 6, 6, 6, 6, 6, 6, 6, 6, 6, 6, 6, 6, 6, 6, 6, 6, 6, 6, 6, 6, 6, 6, 6, 7, 8, 6, 6, 6, 6, 6, 6, 6, 6, 6, 6, 6, 6, 6, 6, 6, 6, 6, 6, 6, 6, 6, 6, 6, 6, 6, 9, 10, 6, 13, 4, 4, 4, 4, 4, 4, 4, 4, 4, 4, 4, 4, 4, 4, 4, 4, 4, 4, 4, 4
,
5, 6, 6, 6, 6, 6, 6, 6, 6, 6, 6, 6, 6, 6, 6, 6, 6, 6, 6, 6, 6, 7, 8, 6, 6, 6, 6, 14, 6, 6, 6, 6, 6, 6, 6, 6, 6, 7, 8, 6, 6, 6, 6, 6, 15, 6, 6, 6, 6, 6, 6, 6, 6, 6, 11, 12, 6, 6, 6, 6, 6, 6, 6, 6, 6, 6, 11, 12, 15, 6, 6, 6, 6, 6, 6, 6, 6, 6, 6, 6, 6, 6, 6, 14, 6, 6, 6, 6, 9, 10, 6, 6, 6, 6, 6, 6, 6, 6, 16, 17, 6, 6, 6, 6, 6, 6, 6, 6, 6, 6, 6, 6, 6, 6, 6, 6, 6, 6, 6, 6, 6, 7, 8, 6, 6, 14, 6, 6, 6, 6, 6, 6, 6, 6, 6, 6, 6, 6, 6, 6, 6, 6, 6, 6, 6, 6, 6, 6, 6, 6, 6, 6, 15, 6, 6, 13, 4, 4, 4, 4, 4, 4, 4, 4, 4, 4, 4, 4, 4, 4, 4, 4, 4, 4, 4, 4
,
5, 6, 6, 6, 6, 6, 6, 6, 6, 6, 6, 6, 6, 6, 6, 6, 6, 7, 8, 6, 6, 14, 6, 6, 6, 6, 6, 6, 6, 6, 6, 6, 6, 6, 6, 6, 6, 14, 6, 6, 6, 6, 6, 6, 6, 6, 6, 6, 6, 6, 6, 6, 6, 6, 16, 17, 6, 6, 6, 6, 6, 6, 6, 6, 6, 6, 16, 17, 6, 6, 11, 12, 6, 6, 6, 6, 6, 6, 6, 6, 6, 6, 6, 6, 6, 6, 6, 6, 15, 6, 6, 6, 6, 6, 6, 6, 6, 6, 6, 6, 6, 6, 6, 6, 6, 6, 6, 6, 6, 6, 6, 7, 8, 6, 6, 6, 6, 6, 6, 6, 6, 14, 6, 6, 6, 6, 6, 6, 6, 6, 6, 6, 6, 6, 6, 6, 6, 6, 6, 6, 6, 6, 6, 6, 6, 6, 6, 6, 6, 6, 6, 6, 6, 6, 6, 13, 4, 4, 4, 4, 4, 4, 4, 4, 4, 4, 4, 4, 4, 4, 4, 4, 4, 4, 4, 4
,
5, 6, 6, 6, 6, 6, 6, 6, 6, 6, 6, 6, 6, 6, 6, 6, 6, 14, 6, 6, 6, 6, 6, 6, 6, 6, 6, 7, 8, 6, 6, 6, 6, 6, 11, 12, 6, 6, 6, 6, 6, 6, 11, 12, 6, 6, 6, 6, 6, 6, 6, 6, 6, 6, 6, 6, 6, 6, 6, 6, 6, 6, 6, 6, 6, 6, 6, 6, 6, 6, 16, 17, 6, 6, 6, 7, 8, 6, 6, 6, 6, 6, 6, 6, 6, 6, 6, 6, 6, 6, 6, 6, 6, 6, 6, 6, 6, 6, 6, 6, 6, 6, 6, 6, 6, 6, 6, 6, 6, 7, 8, 14, 6, 6, 6, 6, 6, 6, 6, 6, 6, 6, 6, 6, 6, 6, 6, 6, 6, 6, 6, 6, 6, 7, 8, 6, 6, 7, 8, 6, 6, 6, 6, 6, 6, 6, 6, 6, 6, 6, 6, 6, 6, 6, 6, 13, 4, 4, 4, 4, 4, 4, 4, 4, 4, 4, 4, 4, 4, 4, 4, 4, 4, 4, 4, 4
,
5, 6, 6, 6, 6, 6, 6, 6, 6, 6, 6, 6, 6, 6, 6, 6, 6, 6, 6, 6, 9, 10, 6, 6, 6, 6, 6, 14, 6, 6, 6, 6, 6, 6, 16, 17, 6, 6, 6, 6, 6, 6, 16, 17, 6, 6, 6, 6, 6, 7, 8, 6, 6, 6, 6, 6, 6, 6, 6, 6, 6, 6, 11, 12, 6, 6, 6, 6, 6, 6, 6, 6, 6, 6, 6, 14, 9, 10, 6, 6, 6, 6, 6, 6, 6, 6, 6, 6, 6, 6, 6, 6, 6, 6, 6, 6, 6, 6, 6, 6, 6, 6, 6, 6, 6, 6, 6, 6, 6, 14, 6, 6, 6, 6, 6, 6, 6, 6, 6, 6, 6, 6, 6, 6, 6, 6, 6, 6, 6, 6, 6, 6, 6, 14, 6, 6, 6, 14, 6, 6, 6, 6, 6, 6, 6, 7, 8, 6, 6, 6, 6, 6, 6, 6, 6, 13, 4, 4, 4, 4, 4, 4, 4, 4, 4, 4, 4, 4, 4, 4, 4, 4, 4, 4, 4, 4
,
5, 6, 6, 6, 6, 6, 6, 6, 6, 6, 6, 6, 6, 6, 6, 6, 6, 6, 11, 12, 15, 6, 6, 6, 6, 6, 6, 6, 6, 6, 6, 6, 6, 6, 6, 7, 8, 6, 6, 6, 6, 7, 8, 6, 6, 6, 6, 6, 6, 14, 6, 6, 6, 6, 6, 6, 6, 6, 6, 6, 6, 6, 16, 17, 6, 6, 6, 6, 6, 6, 6, 6, 9, 10, 6, 6, 15, 6, 6, 6, 6, 6, 6, 6, 6, 6, 6, 6, 6, 6, 6, 6, 6, 6, 6, 6, 6, 6, 6, 6, 6, 6, 6, 6, 6, 6, 6, 6, 6, 6, 6, 6, 6, 6, 6, 6, 6, 6, 6, 6, 6, 6, 11, 12, 6, 6, 6, 6, 6, 6, 6, 6, 6, 6, 6, 6, 6, 6, 6, 6, 6, 6, 6, 6, 6, 14, 6, 6, 6, 6, 6, 6, 6, 6, 6, 13, 4, 4, 4, 4, 4, 4, 4, 4, 4, 4, 4, 4, 4, 4, 4, 4, 4, 4, 4, 4
,
5, 6, 6, 6, 6, 6, 6, 6, 6, 6, 6, 6, 6, 6, 6, 6, 6, 6, 16, 17, 6, 6, 6, 6, 6, 6, 6, 6, 6, 6, 6, 6, 6, 6, 6, 14, 6, 6, 6, 6, 6, 14, 6, 6, 6, 6, 6, 6, 6, 6, 6, 6, 6, 6, 6, 6, 6, 6, 6, 6, 6, 6, 6, 6, 6, 6, 6, 6, 6, 6, 6, 6, 15, 6, 6, 6, 6, 6, 6, 6, 6, 6, 6, 6, 6, 6, 6, 6, 6, 6, 6, 6, 6, 6, 6, 6, 6, 6, 6, 6, 6, 6, 6, 6, 6, 6, 6, 6, 6, 6, 6, 6, 6, 6, 6, 6, 6, 6, 6, 6, 6, 6, 16, 17, 6, 6, 6, 6, 6, 6, 6, 6, 6, 6, 6, 6, 6, 6, 6, 6, 6, 18, 19, 20, 6, 6, 6, 6, 9, 10, 6, 6, 6, 6, 6, 13, 4, 4, 4, 4, 4, 4, 4, 4, 4, 4, 4, 4, 4, 4, 4, 4, 4, 4, 4, 4
,
5, 6, 6, 6, 6, 6, 6, 6, 6, 6, 6, 6, 6, 6, 6, 6, 6, 6, 6, 6, 6, 6, 6, 6, 6, 6, 6, 6, 6, 6, 6, 6, 6, 6, 6, 6, 6, 6, 6, 6, 6, 6, 6, 6, 6, 6, 6, 6, 6, 6, 6, 6, 6, 6, 6, 6, 6, 6, 6, 6, 6, 6, 6, 6, 6, 6, 6, 6, 6, 6, 6, 6, 6, 6, 6, 6, 6, 6, 6, 6, 6, 6, 6, 6, 9, 10, 6, 6, 6, 6, 21, 20, 6, 6, 6, 6, 6, 6, 6, 6, 6, 6, 6, 6, 6, 6, 6, 6, 6, 6, 6, 6, 6, 6, 6, 6, 6, 6, 6, 6, 6, 6, 6, 6, 6, 6, 6, 6, 6, 6, 6, 6, 6, 6, 6, 6, 6, 6, 6, 6, 6, 22, 23, 24, 6, 6, 6, 6, 15, 6, 11, 12, 6, 6, 6, 13, 4, 4, 4, 4, 4, 4, 4, 4, 4, 4, 4, 4, 4, 4, 4, 4, 4, 4, 4, 4
,
5, 6, 6, 6, 6, 6, 6, 6, 6, 6, 11, 12, 6, 6, 6, 6, 6, 6, 11, 12, 6, 6, 6, 7, 8, 6, 6, 6, 6, 6, 6, 6, 6, 6, 6, 6, 6, 6, 6, 6, 6, 6, 6, 6, 6, 6, 6, 6, 6, 6, 6, 6, 6, 6, 6, 6, 6, 6, 6, 6, 6, 6, 6, 6, 6, 6, 6, 6, 6, 6, 6, 6, 6, 6, 6, 6, 6, 6, 6, 7, 8, 6, 25, 26, 27, 28, 29, 6, 6, 6, 30, 24, 6, 6, 6, 6, 6, 6, 6, 6, 6, 6, 6, 6, 6, 6, 6, 6, 6, 6, 6, 6, 6, 6, 6, 6, 6, 6, 6, 6, 6, 6, 6, 6, 6, 6, 6, 6, 6, 6, 6, 6, 6, 6, 6, 6, 9, 10, 6, 6, 6, 31, 32, 6, 6, 6, 6, 6, 6, 6, 16, 17, 6, 6, 6, 13, 4, 4, 4, 4, 4, 4, 4, 4, 4, 4, 4, 4, 4, 4, 4, 4, 4, 4, 4, 4
,
5, 6, 6, 6, 6, 6, 6, 6, 6, 6, 16, 17, 6, 6, 6, 6, 6, 6, 16, 17, 6, 6, 6, 14, 6, 6, 6, 6, 6, 6, 6, 6, 6, 6, 6, 6, 6, 6, 6, 6, 6, 6, 6, 6, 6, 6, 6, 6, 6, 6, 6, 6, 6, 6, 6, 6, 6, 6, 6, 6, 6, 6, 6, 6, 6, 6, 6, 6, 6, 6, 6, 6, 6, 6, 6, 6, 6, 6, 6, 14, 6, 6, 33, 34, 34, 35, 36, 6, 6, 6, 6, 6, 6, 6, 6, 6, 6, 6, 6, 6, 6, 6, 6, 6, 6, 6, 6, 6, 6, 6, 6, 6, 6, 6, 6, 6, 6, 6, 6, 6, 6, 6, 6, 6, 6, 6, 6, 6, 6, 6, 6, 6, 6, 6, 6, 6, 15, 6, 6, 6, 6, 31, 32, 6, 6, 6, 6, 6, 6, 6, 6, 6, 6, 6, 6, 13, 4, 4, 4, 4, 4, 4, 4, 4, 4, 4, 4, 4, 4, 4, 4, 4, 4, 4, 4, 4
,
5, 6, 6, 6, 6, 6, 6, 6, 6, 6, 6, 6, 6, 6, 6, 6, 6, 6, 6, 6, 6, 6, 6, 6, 6, 6, 6, 6, 6, 6, 6, 6, 6, 6, 6, 6, 6, 6, 6, 6, 6, 6, 6, 6, 6, 6, 6, 6, 6, 6, 6, 6, 6, 6, 6, 6, 6, 6, 6, 6, 6, 6, 6, 6, 6, 6, 6, 6, 6, 6, 6, 6, 6, 6, 6, 6, 6, 6, 6, 6, 6, 6, 37, 38, 38, 38, 39, 6, 6, 6, 6, 6, 6, 40, 41, 41, 41, 41, 41, 41, 41, 41, 41, 41, 41, 41, 42, 6, 6, 6, 6, 6, 6, 6, 6, 6, 6, 6, 6, 6, 6, 6, 6, 6, 6, 6, 6, 6, 6, 6, 6, 6, 6, 6, 6, 6, 6, 6, 6, 6, 6, 31, 32, 6, 6, 6, 6, 6, 6, 6, 6, 6, 6, 6, 6, 13, 4, 4, 4, 4, 4, 4, 4, 4, 4, 4, 4, 4, 4, 4, 4, 4, 4, 4, 4, 4
,
5, 6, 6, 6, 6, 6, 6, 6, 6, 6, 6, 6, 6, 6, 6, 6, 6, 6, 6, 6, 6, 6, 6, 6, 6, 6, 6, 6, 6, 6, 6, 6, 6, 6, 6, 6, 6, 6, 6, 6, 6, 6, 6, 6, 6, 6, 6, 6, 6, 6, 6, 6, 6, 6, 6, 6, 6, 6, 6, 6, 6, 6, 6, 6, 6, 6, 6, 6, 6, 6, 6, 6, 6, 6, 6, 6, 6, 6, 6, 6, 6, 6, 6, 6, 6, 6, 6, 6, 40, 41, 41, 41, 42, 43, 43, 43, 43, 43, 43, 43, 43, 43, 43, 43, 43, 43, 6, 6, 6, 6, 6, 6, 6, 6, 6, 6, 6, 6, 6, 6, 6, 6, 6, 6, 6, 6, 6, 6, 6, 6, 6, 6, 6, 6, 6, 6, 6, 6, 6, 6, 6, 31, 32, 6, 6, 6, 6, 6, 6, 6, 6, 6, 6, 6, 6, 13, 4, 4, 4, 4, 4, 4, 4, 4, 4, 4, 4, 4, 4, 4, 4, 4, 4, 4, 4, 4
,
5, 6, 6, 6, 6, 6, 6, 6, 6, 6, 6, 6, 6, 6, 6, 6, 6, 6, 6, 6, 6, 6, 6, 6, 6, 6, 6, 6, 6, 6, 6, 6, 6, 6, 6, 6, 6, 6, 6, 6, 6, 6, 6, 6, 6, 6, 6, 6, 6, 6, 6, 6, 6, 6, 6, 6, 6, 6, 6, 6, 6, 6, 6, 6, 6, 6, 6, 6, 6, 6, 6, 6, 6, 6, 6, 6, 6, 6, 6, 6, 6, 6, 6, 6, 6, 6, 6, 6, 43, 43, 43, 43, 6, 6, 6, 6, 6, 6, 6, 6, 6, 6, 6, 6, 6, 6, 6, 6, 6, 6, 6, 6, 6, 6, 6, 6, 6, 6, 6, 6, 6, 6, 6, 6, 6, 6, 6, 6, 6, 6, 6, 6, 6, 6, 6, 6, 6, 6, 6, 6, 6, 31, 32, 6, 6, 6, 6, 6, 6, 6, 6, 6, 6, 6, 6, 13, 4, 4, 4, 4, 4, 4, 4, 4, 4, 4, 4, 4, 4, 4, 4, 4, 4, 4, 4, 4
,
5, 6, 6, 6, 6, 6, 6, 6, 6, 6, 6, 6, 6, 6, 6, 6, 6, 6, 6, 6, 6, 6, 6, 6, 6, 6, 6, 6, 6, 6, 6, 6, 6, 6, 6, 6, 6, 6, 6, 6, 6, 6, 6, 6, 6, 6, 6, 6, 6, 6, 6, 6, 6, 6, 6, 6, 6, 6, 6, 6, 6, 6, 6, 6, 6, 6, 6, 6, 6, 6, 6, 6, 6, 6, 6, 6, 6, 6, 6, 6, 6, 6, 6, 6, 6, 6, 6, 6, 6, 6, 6, 6, 6, 6, 6, 6, 6, 6, 6, 6, 6, 6, 6, 6, 6, 6, 6, 6, 6, 6, 6, 6, 6, 6, 6, 6, 6, 6, 6, 6, 6, 6, 6, 6, 6, 6, 6, 6, 6, 6, 6, 6, 6, 6, 6, 6, 6, 6, 6, 6, 6, 31, 32, 6, 6, 6, 6, 6, 6, 6, 6, 6, 6, 6, 6, 13, 4, 4, 4, 4, 4, 4, 4, 4, 4, 4, 4, 4, 4, 4, 4, 4, 4, 4, 4, 4
,
5, 6, 6, 6, 6, 6, 6, 6, 6, 6, 6, 6, 6, 6, 6, 6, 6, 6, 6, 6, 6, 6, 6, 6, 6, 6, 6, 6, 6, 6, 6, 6, 6, 6, 6, 6, 6, 6, 6, 6, 6, 6, 6, 6, 6, 6, 6, 6, 6, 6, 6, 6, 6, 6, 6, 6, 6, 6, 6, 6, 6, 6, 6, 6, 6, 6, 6, 6, 6, 6, 6, 6, 6, 6, 6, 6, 6, 6, 6, 6, 6, 6, 6, 6, 6, 6, 6, 6, 6, 6, 6, 6, 6, 6, 6, 6, 6, 6, 6, 6, 6, 6, 6, 6, 6, 6, 6, 6, 6, 6, 6, 6, 6, 6, 6, 6, 6, 6, 6, 6, 6, 6, 6, 6, 6, 6, 6, 6, 6, 6, 6, 6, 6, 6, 6, 6, 6, 6, 6, 6, 6, 31, 32, 6, 6, 6, 6, 6, 6, 6, 6, 6, 6, 6, 6, 13, 4, 4, 4, 4, 4, 4, 4, 4, 4, 4, 4, 4, 4, 4, 4, 4, 4, 4, 4, 4
,
5, 6, 6, 6, 6, 6, 6, 6, 6, 6, 6, 6, 6, 6, 6, 6, 6, 6, 6, 6, 44, 45, 46, 6, 6, 6, 6, 6, 6, 6, 6, 6, 6, 6, 6, 6, 6, 6, 6, 6, 6, 6, 6, 6, 6, 6, 6, 6, 6, 6, 6, 6, 6, 6, 6, 6, 6, 6, 6, 6, 6, 6, 6, 6, 6, 6, 6, 6, 6, 6, 6, 6, 6, 6, 6, 6, 6, 6, 6, 6, 6, 6, 6, 6, 6, 6, 6, 6, 6, 6, 6, 6, 6, 6, 6, 6, 6, 6, 6, 6, 6, 6, 6, 6, 6, 6, 6, 6, 6, 6, 6, 6, 6, 6, 6, 6, 6, 6, 6, 6, 6, 6, 6, 6, 6, 6, 6, 6, 6, 6, 6, 6, 6, 6, 6, 6, 6, 6, 6, 6, 6, 31, 32, 6, 6, 6, 6, 6, 6, 6, 6, 6, 6, 6, 6, 13, 4, 4, 4, 4, 4, 4, 4, 4, 4, 4, 4, 4, 4, 4, 4, 4, 4, 4, 4, 4
,
5, 6, 6, 6, 6, 6, 6, 44, 45, 47, 46, 6, 6, 6, 6, 6, 6, 6, 6, 6, 48, 49, 50, 6, 6, 6, 6, 6, 6, 6, 6, 6, 6, 6, 6, 6, 6, 6, 6, 6, 44, 45, 46, 6, 6, 6, 6, 6, 6, 6, 6, 6, 6, 6, 6, 6, 6, 6, 6, 6, 6, 6, 6, 6, 6, 6, 6, 6, 6, 6, 6, 6, 6, 44, 45, 46, 6, 6, 6, 6, 6, 6, 6, 6, 6, 6, 6, 6, 6, 6, 6, 6, 6, 6, 6, 6, 6, 6, 6, 6, 6, 6, 6, 44, 45, 47, 47, 46, 6, 6, 6, 6, 6, 6, 6, 6, 6, 6, 6, 6, 6, 6, 6, 6, 6, 6, 6, 6, 6, 6, 6, 6, 6, 6, 6, 6, 51, 52, 53, 29, 6, 31, 32, 6, 6, 6, 6, 6, 6, 6, 6, 6, 6, 6, 6, 13, 4, 4, 4, 4, 4, 4, 4, 4, 4, 4, 4, 4, 4, 4, 4, 4, 4, 4, 4, 4
,
5, 6, 6, 6, 6, 6, 6, 48, 49, 54, 50, 6, 6, 6, 6, 6, 6, 6, 6, 6, 6, 6, 6, 6, 6, 6, 6, 6, 6, 6, 6, 6, 6, 6, 6, 6, 6, 6, 6, 6, 48, 49, 50, 6, 6, 6, 6, 6, 6, 6, 6, 6, 6, 6, 6, 6, 6, 6, 6, 6, 6, 6, 6, 6, 6, 6, 6, 6, 6, 6, 6, 6, 6, 48, 49, 50, 6, 6, 6, 6, 6, 6, 6, 6, 6, 6, 6, 6, 6, 6, 6, 6, 6, 6, 6, 6, 6, 6, 6, 6, 6, 6, 6, 48, 49, 54, 54, 50, 6, 6, 6, 6, 6, 6, 6, 6, 6, 6, 6, 6, 6, 6, 6, 6, 6, 6, 6, 6, 6, 6, 6, 6, 6, 6, 6, 6, 55, 56, 57, 36, 6, 31, 32, 6, 6, 44, 45, 46, 6, 6, 58, 59, 6, 6, 6, 13, 4, 4, 4, 4, 4, 4, 4, 4, 4, 4, 4, 4, 4, 4, 4, 4, 4, 4, 4, 4
,
5, 6, 6, 6, 6, 6, 6, 6, 6, 6, 6, 6, 6, 6, 60, 61, 20, 6, 6, 6, 6, 6, 6, 6, 6, 6, 6, 6, 6, 6, 6, 6, 62, 63, 63, 64, 29, 6, 6, 6, 6, 6, 6, 6, 6, 44, 45, 47, 47, 46, 6, 6, 6, 6, 6, 6, 6, 6, 6, 6, 6, 6, 6, 6, 6, 6, 6, 6, 6, 6, 6, 6, 6, 6, 6, 6, 6, 6, 6, 6, 6, 6, 6, 6, 6, 6, 6, 6, 6, 6, 6, 6, 6, 6, 6, 6, 6, 6, 6, 6, 6, 6, 6, 6, 6, 6, 6, 6, 6, 6, 6, 6, 6, 6, 6, 6, 6, 6, 6, 6, 6, 6, 6, 6, 6, 6, 6, 6, 6, 6, 6, 6, 6, 6, 6, 6, 55, 56, 57, 36, 6, 65, 66, 67, 6, 48, 49, 50, 6, 6, 68, 69, 59, 6, 6, 13, 4, 4, 4, 4, 4, 4, 4, 4, 4, 4, 4, 4, 4, 4, 4, 4, 4, 4, 4, 4
,
5, 6, 6, 6, 6, 6, 6, 6, 6, 6, 6, 6, 6, 6, 30, 2, 24, 6, 6, 6, 6, 6, 6, 6, 6, 6, 60, 20, 6, 6, 6, 6, 70, 71, 71, 72, 36, 6, 6, 6, 6, 6, 6, 6, 6, 48, 49, 54, 54, 50, 6, 6, 6, 6, 6, 6, 6, 6, 6, 6, 6, 6, 6, 6, 6, 6, 6, 6, 6, 6, 6, 6, 6, 6, 6, 6, 6, 6, 6, 6, 6, 6, 6, 73, 74, 74, 74, 74, 74, 75, 29, 6, 6, 6, 6, 6, 6, 6, 6, 6, 6, 6, 6, 6, 6, 6, 6, 6, 6, 6, 6, 6, 6, 6, 6, 6, 6, 6, 6, 6, 6, 6, 6, 6, 6, 6, 6, 6, 6, 6, 6, 6, 6, 6, 6, 6, 55, 56, 57, 36, 6, 76, 76, 6, 6, 6, 6, 6, 6, 6, 77, 78, 79, 20, 6, 13, 4, 4, 4, 4, 4, 4, 80, 81, 4, 4, 4, 82, 83, 84, 4, 4, 4, 4, 4, 4
,
5, 6, 6, 6, 6, 6, 6, 6, 6, 6, 6, 6, 6, 6, 6, 6, 6, 73, 74, 75, 29, 6, 6, 6, 6, 6, 30, 24, 6, 25, 26, 26, 85, 86, 71, 72, 36, 6, 6, 6, 6, 6, 6, 6, 6, 6, 6, 6, 6, 6, 6, 6, 6, 6, 6, 58, 59, 6, 6, 6, 6, 6, 6, 6, 6, 6, 6, 6, 6, 6, 6, 6, 6, 6, 6, 6, 6, 6, 6, 6, 6, 6, 6, 87, 88, 88, 88, 88, 88, 89, 36, 6, 6, 6, 90, 91, 67, 6, 6, 6, 6, 6, 6, 6, 6, 6, 6, 6, 6, 6, 6, 6, 6, 6, 6, 6, 6, 6, 6, 6, 6, 6, 6, 6, 6, 6, 6, 6, 6, 6, 6, 6, 6, 6, 6, 6, 55, 56, 57, 36, 6, 6, 6, 6, 6, 6, 6, 6, 6, 58, 92, 93, 93, 5, 6, 13, 4, 4, 4, 4, 4, 4, 94, 95, 96, 4, 4, 97, 98, 99, 4, 4, 4, 4, 4, 4
,
5, 6, 58, 59, 6, 6, 6, 6, 6, 6, 6, 60, 61, 20, 6, 6, 6, 87, 88, 89, 36, 6, 6, 6, 6, 6, 6, 6, 6, 100, 101, 101, 102, 103, 71, 72, 36, 6, 6, 6, 6, 6, 6, 6, 60, 20, 6, 6, 6, 6, 6, 6, 58, 59, 58, 104, 79, 105, 59, 6, 58, 59, 6, 6, 6, 6, 6, 6, 6, 6, 6, 6, 6, 6, 6, 6, 6, 6, 6, 6, 6, 25, 26, 106, 107, 107, 107, 108, 109, 89, 36, 6, 6, 6, 76, 76, 6, 6, 6, 6, 6, 6, 6, 6, 6, 6, 6, 6, 6, 6, 6, 6, 6, 6, 6, 6, 6, 6, 6, 6, 6, 6, 6, 6, 6, 6, 6, 6, 6, 6, 6, 6, 6, 6, 6, 6, 55, 56, 57, 36, 6, 6, 6, 6, 6, 6, 6, 6, 58, 104, 79, 93, 93, 5, 6, 13, 4, 4, 4, 4, 4, 4, 110, 80, 111, 4, 4, 112, 113, 114, 4, 4, 4, 4, 4, 4
,
5, 58, 104, 79, 105, 59, 58, 59, 6, 6, 6, 30, 2, 24, 6, 25, 26, 115, 109, 89, 36, 6, 18, 19, 20, 51, 52, 52, 52, 116, 117, 101, 102, 103, 71, 72, 36, 6, 6, 6, 6, 6, 6, 6, 30, 24, 6, 6, 6, 6, 6, 6, 68, 69, 104, 69, 118, 119, 79, 20, 68, 69, 59, 6, 6, 6, 6, 6, 6, 6, 6, 6, 6, 6, 6, 6, 6, 6, 6, 6, 6, 100, 101, 101, 101, 101, 101, 102, 120, 89, 36, 6, 60, 20, 6, 6, 6, 6, 6, 6, 90, 67, 6, 6, 90, 67, 6, 6, 6, 6, 6, 6, 6, 6, 6, 6, 18, 19, 20, 58, 59, 6, 6, 6, 21, 121, 121, 121, 20, 6, 6, 6, 6, 6, 25, 26, 122, 123, 57, 36, 6, 90, 91, 67, 6, 6, 6, 6, 68, 79, 93, 93, 93, 5, 6, 13, 4, 4, 4, 4, 4, 4, 110, 124, 95, 96, 4, 4, 4, 4, 4, 4, 4, 80, 81, 4
,
5, 68, 69, 118, 119, 79, 125, 69, 59, 6, 6, 6, 6, 6, 6, 100, 101, 102, 120, 89, 36, 6, 22, 23, 24, 55, 56, 56, 56, 57, 126, 101, 127, 128, 129, 130, 131, 53, 29, 6, 6, 60, 132, 133, 133, 133, 133, 133, 134, 6, 6, 58, 92, 78, 79, 78, 79, 93, 93, 135, 92, 78, 79, 20, 6, 136, 133, 134, 6, 6, 6, 6, 6, 6, 6, 6, 6, 6, 6, 51, 52, 137, 138, 138, 138, 139, 117, 102, 120, 89, 36, 6, 30, 24, 6, 6, 6, 6, 6, 90, 140, 67, 6, 6, 141, 91, 67, 6, 6, 6, 6, 6, 18, 19, 20, 6, 22, 23, 24, 68, 69, 59, 6, 21, 142, 143, 143, 143, 5, 6, 6, 21, 20, 6, 100, 101, 102, 144, 57, 36, 6, 145, 146, 6, 6, 18, 19, 20, 77, 93, 93, 93, 147, 148, 6, 13, 4, 4, 4, 4, 4, 4, 110, 4, 80, 111, 4, 4, 4, 4, 4, 4, 4, 94, 95, 96
,
5, 77, 78, 79, 93, 147, 149, 78, 79, 20, 136, 133, 133, 134, 6, 33, 34, 35, 150, 151, 36, 6, 31, 32, 6, 152, 153, 153, 153, 154, 155, 34, 156, 153, 153, 153, 153, 154, 36, 157, 158, 159, 160, 161, 161, 161, 161, 161, 158, 158, 158, 162, 163, 164, 164, 164, 164, 164, 164, 165, 163, 164, 164, 166, 158, 161, 161, 158, 67, 6, 6, 6, 6, 6, 136, 133, 133, 134, 6, 152, 153, 153, 153, 153, 153, 154, 155, 35, 150, 151, 36, 6, 6, 6, 6, 6, 6, 6, 90, 140, 140, 67, 6, 6, 141, 140, 91, 67, 136, 133, 133, 134, 22, 23, 24, 6, 31, 32, 58, 92, 78, 79, 121, 142, 143, 143, 143, 143, 167, 20, 6, 168, 167, 20, 33, 34, 35, 169, 154, 36, 6, 31, 32, 6, 6, 22, 23, 24, 77, 93, 93, 93, 78, 79, 20, 13, 4, 4, 4, 4, 4, 80, 170, 4, 124, 95, 96, 4, 4, 4, 4, 4, 80, 170, 4, 171
