#pixel	img_path			file_path	numCol	numRow	numColToRead	numRowToRead	idCell	mapWidth
[TILEMAP]

# id	file_path	transparent_color_r	g	b
[TEXTURES]
0	scenes\textures\mario.png	255	255	255
10	scenes\textures\hud.png		255	255	255
20	scenes\textures\WorldMap.PNG	3	26	110
30	scenes\textures\MapSelection.png	176	224	248

# id	left	top	right	bottom	texture_id
[SPRITES]
# MARIO 
10001	216	0	230	15	0
# CHECK POINT
# start
10002	1	33	17	49	30
# 1
10003	35	33	51	48	30
# 2
10004	52	33	68	48	30
# 3
10005	69	33	85	48	30
# 4
10006	86	33	102	48	30
# M
10007	18	0	34	16	30
# effect help
10008	1	2	17	15	30
# grass
10009	1	17	17	32	30
10010	18	17	34	32	30
10011	35	17	51	32	30
10012	52	17	68	32	30


# HUD
# numbers
1000	31	24	40	32	10
1001	50	24	61	32	10
1002	71	24	80	32	10
1003	90	24	98	32	10
1004	108	24	119	32	10
1005	127	24	135	32	10
1006	143	24	153	32	10
1007	162	24	170	32	10
1008	179	24	188	32	10
1009	197	24	205	32	10
1010	73	173	88	182	10
1011	100	173	114	182	10
# display
200	0	120	262	170	10
201	63	173	72	182	10
202	90	173	99	182	10
# card
203	140	168	165	195	10
204	127	1	153	27	70
205	155	1	181	27	70
206	183	1	209	27	70
#musroom
207	5	27	21	43	70
208	65	27	77	43	70
#flower
209	25	28	41	44	70
210	80	28	90	44	70
#star
211	45	27	61	43	70
212	92	27	105	43	70
213	105	27	112	43	70

						
# ani_id	sprite1_id	time1	sprite2_id	time2	...
[ANIMATIONS]

# ==== MARIO =========
#idle
100	10001	100
# ==== CHECKPOINT ====
0	0	0
101	10002	0
102	10003	0
103	10004	0
104	10005	0
105	10006	0
106	10007	0

# === GRASS ===
107	10009	200	10010	200	10011	200	10012	200

# === POWER ===
108	1010	0
109	1011	0
110	1010	100	1011	100

#
# id	ani1	ani2	ani3
#
[ANIMATION_SETS]
# MARIO
1	100
# CHECKPOINT
2	0	101	102	103	104	105	106
# GRASS
3	107

# POWER
8	108	109	110

[OBJECTS]
# type	x	y	ani_set_id	extra_settings per object type
# type: 0 = Mario , 1 = Check Point, 2 = Grass
# MARIO
0	50	50	1
# CHECKPOINT
1	31	50	2	1	1	1	1
1	100	50	2	1	1	1	1
# GRASS
2	14	18	3
2	31	18	3
2	48	18	3
2	14	34	3
2	31	34	3
2	48	34	3
2	81	34	3
2	98	34	3
2	115	34	3
2	81	51	3
2	98	51	3
2	115	51	3
2	81	68	3
2	98	68	3
2	115	68	3
2	148	34	3
2	165	34	3
2	181	34	3
2	215	18	3
2	231	18	3
2	215	34	3
2	231	34	3
2	215	51	3
2	231	51	3
2	215	68	3
2	231	68	3
2	148	68	3
2	165	68	3
2	181	68	3
2	14	68	3
2	31	68	3
2	48	68	3
2	14	85	3
2	31	85	3
2	48	85	3
2	148	85	3
2	165	85	3
2	14	102	3
2	98	102	3
2	115	102	3
2	132	102	3
2	231	85	3
2	231	102	3
2	231	119	3
2	231	136	3
2	231	153	3
