#pixel	img_path			file_path	numCol	numRow	numColToRead	numRowToRead	idCell	mapWidth
[TILEMAP]
16	scenes\map\1-4.png	scenes\map\1-4.txt	161	29	11	5	1	2576

# id	file_path	transparent_color_r	g	b
[TEXTURES]
0	scenes\textures\mario.png	255	255	255
10	scenes\textures\hud.png		255	255	255
20	scenes\textures\misc.png	176	224	248
30	scenes\textures\enemies-2.png	0	128	128
40	scenes\textures\enemies-3.png	0	128	128
50	scenes\textures\flower.png	0	128	128
60	scenes\textures\misc2.png	0	128	128
70	scenes\textures\goalRoulette.png	255	255	255
80	scenes\textures\effect.png	255	255	255
90	scenes\textures\EndTitle.PNG	255	255	255
100	scenes\textures\enemies-right.png	0	128	128

# id	left	top	right	bottom	texture_id
[SPRITES]
# HUD
# numbers
1000	31	24	40	32	10
1001	50	24	61	32	10
1002	71	24	80	32	10
1003	90	24	98	32	10
1004	108	24	119	32	10
1005	127	24	135	32	10
1006	143	24	153	32	10
1007	162	24	170	32	10
1008	179	24	188	32	10
1009	197	24	205	32	10
1010	73	173	88	182	10
1011	100	173	114	182	10
# display
200	0	120	262	170	10
201	63	173	72	182	10
202	90	173	99	182	10
# card
203	140	168	166	197	10
204	127	1	153	27	70
205	155	1	181	27	70
206	183	1	209	27	70
214	233	168	257	197	10
215	203	168	227	197	10
216	172	168	196	197	10
#musroom
207	5	27	21	43	70
208	65	27	77	43	70
#flower
209	25	28	41	44	70
210	80	28	90	44	70
#star
211	45	27	61	43	70
212	92	27	105	43	70
213	105	27	112	43	70

#END TITLE
250	0	0	166	25	90
251	0	26	166	51	90

# BIG MARIO 1-20 44-50
# idle right
10001	246	154	260	181	0
# walk
10002	275	154	290	181	0		
10003	304	154	321	181	0
# idle left
10011	186	154	200	181	0
#walk
10012	155	154	171	181	0
10013	125	154	141	181	0
# die 
10999	215	120	231	135	0
# stop right
10014	5	154	21	182	0
# stop left
10015	425	154	441	182	0
# jump up right
10016	395	275	411	301	0
# jump up left
10017	35	275	51	301	0
# idle hold object right
10018	335	234	351	261	0
# idle hold object left
10019	95	234	111	261	0
# walk hold object right
10020	276	314	292	341	0
10044	305	314	321	341	0
# walk hold object left
10045	154	314	170	341	0
10046	125	314	141	341	0
# hit object right
10047	423	274	444	301	0
# hit object left
10048	2	274	23	301	0
# sit right
10049	425	239	441	257	0
# sit left
10050	5	239	21	257	0
# swift right
10095	334	154	353	181	0
10096	362	154	381	181	0
10097	392	155	411	181	0
# swift left
10098	93	154	112	181	0
10099	65	154	84	181	0
10100	35	155	54	181	0
# fly right
10101	394	195	413	221	0
# fly left
10102	33	195	52	221	0

# SMALL MARIO 21-43 90-95
# idle small right
10021	245	0	261	16	0
# walk
10022	275	0	291	16	0
10023	306	0	320	16	0
# idle small left
10031	185	0	201	16	0
# walk
10032	155	0	171	16	0
10033	125	0	141	16	0
# stop right
10034	5	0	20	15	0
# stop left
10035	425	0	440	15	0
# jump right
10036	395	80	411	96	0
# jump left
10037	35	80	51	96	0
# idle hold object right
10038	246	120	260	136	0
# idle hold object left
10039	186	120	200	136	0
# walk hold object right
10040	276	120	291	136	0
# walk hold object left
10041	155	120	170	136	0
# hit object right
10042	425	80	441	96	0
# hit object left
10043	5	80	21	96	0
# swift right
10091	335	0	351	16	0
# swift left
10092	95	0	111	16	0
# fly right
10093	365	40	381	56	0
# fly left
10094	65	40	81	56	0

# TAIL MARIO 51-70
# idle right
10051	243	634	264	662	0
# walk
10052	272	634	294	662	0		
10053	303	634	324	662	0
# idle left
10054	175	634	204	662	0
#walk
10055	146	634	174	662	0
10056	116	634	143	662	0
# stop right
10057	5	633	21	663	0
# stop left
10058	425	633	441	663	0
# jump right
10059	300	874	324	902	0
10131	359	874	384	902	0
# jump left
10060	122	874	144	902	0
10132	63	874	87	902	0
# idle hold object right
10061	242	794	264	822	0
# idle hold object left
10062	182	794	204	822	0
# walk hold object right
10063	272	794	294	822	0
10064	303	794	325	822	0
# walk hold object left
10065	182	794	204	822	0
10066	152	794	174	822	0
# hit object right
10067	422	754	444	781	0
# hit object left
10068	2	754	24	781	0
# sit right
10069	422	719	444	737	0
# sit left
10070	2	719	24	737	0
# swift right
10103	331	634	355	662	0
10104	361	634	385	662	0
10105	390	634	414	662	0
# swift left
10106	84	634	115	662	0
10107	54	634	84	662	0
10108	25	634	53	662	0
# fly right
10109	331	714	355	742	0
10110	361	714	385	742	0
10127	361	754	385	781	0
# fly left
10111	91	714	115	742	0
10112	61	714	85	742	0
10128	61	754	85	781	0
# hit right
10113	209	633	237	662	0
10129	331	634	359	662	0
# hit left
10114	209	674	237	702	0
10130	85	634	115	662	0

# FIRE MARIO 71-126
# idle right
10071	246	394	260	421	0
# walk
10072	275	394	290	421	0		
10073	304	394	321	421	0
# idle left
10074	186	394	200	421	0
#walk
10075	155	394	171	421	0
10076	125	394	141	421	0
# stop right
10077	5	394	21	421	0
# stop left
10078	425	394	441	421	0
# jump up right
10079	395	515	411	541	0
# jump up left
10080	35	515	51	541	0
# idle hold object right
10081	335	474	351	501	0
# idle hold object left
10082	95	474	111	501	0
# walk hold object right
10083	276	554	292	581	0
10084	305	554	321	581	0
# walk hold object left
10085	154	554	170	581	0
10086	125	554	141	581	0
# hit object right
10087	423	514	444	541	0
# hit object left
10088	2	514	23	541	0
# sit right
10089	425	479	441	497	0
# sit left
10090	5	479	21	497	0
# swift right
10115	334	394	353	421	0
10116	362	394	381	421	0
10117	392	394	411	421	0
# swift left
10118	93	394	112	421	0
10119	65	394	84	421	0
10120	35	394	54	421	0
# fly right
10121	394	435	413	461	0
# fly left
10122	33	435	52	461	0
#hit right
10123	396	474	410	501	0
#hit left
10124	36	474	50	501	0
#jump hit right
10125	334	435	353	461	0
#jump hit left
10126	93	435	112	461	0

# transform big
# left
10133	186	29	200	56	0
# right
10134	246	29	260	56	0

# go to pipe
# small
10135	216	40	230	55	0
10136	216	0	230	15	0
# big
10137	215	234	231	261	0
10138	215	154	231	181	0

#BRICK
20001	408	225	424	241	20
#PIPE
20002	238	163	270	195	50
20003	272	163	305	195	50

#brick with question mark animation
40001	300	117	316	133	20
40002	318	117	334	133	20
40003	336	117	352	133	20
40004	354	117	370	133	20
40005	372	117	388	133	20

#breakable brick
40006	300	135	316	151	20
40007	318	135	334	151	20
40008	336	135	352	151	20
40009	354	135	370	151	20
40010	372	135	388	151	20
#brick piece
40011	494	120	502	128	20

#KOOPAS
#walk left
50001	205	191	221	217	30
50002	222	191	238	217	30
#walk right
50011	187	191	202	217	30
50012	170	191	185	217	30
#die
50031	239	202	255	217	30
50032	152	202	168	217	30
#rolling
50021	256	202	272	217	30
50022	273	202	289	217	30
50023	290	202	306	217	30
#rolling ngua
50024	228	198	244	214	40
50025	245	198	261	214	40
50026	262	198	278	214	40
50027	279	198	295	214	40
#fly left
50041	205	248	221	276	30
50042	222	248	238	276	30
50043	239	248	255	276	30
50044	256	248	272	276	30
#fly right
50045	324	248	340	276	30
50046	307	248	323	276	30
50047	290	248	306	276	30
50048	273	248	289	276	30
#walk left
50049	205	163	221	190	30
50050	222	163	238	190	30
#walk right
50051	187	221	202	247	30
50052	170	221	185	247	30
#die
50053	239	174	255	190	30
50054	152	174	168	190	30
#rolling
50055	256	174	272	190	30
50056	273	174	289	190	30
50057	290	174	306	190	30
#rolling ngua
50058	228	226	244	242	40
50059	245	226	261	242	40
50060	262	226	278	242	40
50061	279	226	295	242	40
#fly left
50062	205	219	221	247	30
50063	222	219	238	247	30
50064	239	219	255	247	30
50065	256	219	272	247	30
#fly right
50066	324	219	340	247	30
50067	307	219	323	247	30
50068	290	219	306	247	30
50069	273	219	289	247	30

#FIREBALL
#RIGHT
60001	240	554	248	562	0
60002	258	553	266	562	0
60003	258	574	266	582	0
60004	240	573	248	582	0
#LEFT
60005	198	554	206	562	0
60006	180	553	188	562	0
60007	180	574	188	582	0
60008	198	573	206	582	0

#ITEM
#COIN
70001	303	99	313	115	20
70002	321	99	331	115	20
70003	339	99	349	115	20
#LEAF
70004	300	208	316	222	20
70005	318	208	334	222	20
#RED MUSROOM
70006	300	189	316	205	20
#GREEN MUSROOM
70007	318	189	334	205	20
#SWITCH UP
70008	156	144	172	160	60
70009	178	144	194	160	60
#SWITCH DOWN
70010	200	144	216	160	60
21	0	0	0	0	0

#EFFECT
#SCORE 100
80001	458	223	469	231	20
#SCORE 1000
80002	471	223	486	231	20
#HIT EFFECT
80003	0	0	17	17	80
80004	18	0	35	17	80
#LEVEL UP
80005	596	174	617	188	20

#moving brick
100000	352	167	400	183	60

# BOOMERANG BRO
# right
#walking
9901	498	120	514	144	100
9911	481	120	497	144	100
#firing
9921	464	120	480	144	100
9931	447	120	463	144	100
# die
9941	498	272	515	296	40
9951	481	272	497	296	40

#left
#walking
9902	20	120	36	144	30
9912	37	120	53	144	30
#firing
9922	54	120	70	144	30
9932	71	120	87	144	30
# die
9942	498	272	515	296	40
9952	481	272	497	296	40

#boomerang
9942	498	102	513	118	100
9952	481	103	497	118	100
9962	464	103	480	118	100
9972	448	102	463	118	100

# ani_id	sprite1_id	time1	sprite2_id	time2	...
[ANIMATIONS]

# ==== MARIO =========
#idle BIG right
400	10001	100
#idle BIG left
401	10011	100
#idle small right
402	10021	100
#idle small left
403	10031	100
#walk right big
500	10001	100	10003	100
#walk left big
501	10011	100	10013	100
#walk right small
502	10021	75	10023	75
#walk left small
503	10031	75	10033	75
#die
404	10999	100
#stop right small
504	10034	100
#stop left small
505	10035	100
#jump right small
506	10036	100
#jump left small
507	10037	100
#idle small hold right
508	10038	100
#idle small hold left
509	10039	100
#walk small hold right
510	10040	100	10038	100
#walk small hold left
511	10041	100	10039	100
#small hit right
512	10042	100
#small hit left
513	10043	100
#run right
564	10021	25	10023	25
#run left
565	10031	25	10033	25
#swift right
566	10022	50	10091	50
#swift left
567	10032	50	10092	50
#fly right
568	10093	0
#fly left
569	10094	0

#BIG 514 - 524
#stop right big
514	10014	100
#stop left big
515	10015	100
#jump up right big
516	10016	100
#jump up left big
517	10017	100
#jump down right big
518	10003	100
#jump down left big
519	10013	100
#idle big hold right
520	10018	100
#idle big hold left
521	10019	100
#walk big hold right
522	10020	100	10044	100
#walk big hold left
523	10045	100	10046	100
#big hit right
524	10047	100
#big hit left
525	10048	100
#big sit right
526	10049	100
#big sit left
527	10050	100
#run right
570	10001	25	10003	25
#run left
571	10011	25	10013	25
#swift right
572	10095	25	10096	25	10097	25
#swift left
573	10098	25	10099	25	10100	25
#fly right
574	10101	0
#fly left
575	10102	0

#TAIL 528 - 545
#idle right
528	10051	100
#idle left
529	10054	100
#walk right
530	10052	100	10053	100
#walk left
531	10055	100	10056	100
#stop right
532	10057	100
#stop left
533	10058	100
#jump up right 
534	10059	100
#jump up left 
535	10060	100
#jump down right 
536	10131	100
#jump down left 
537	10132	100
#idle hold right
538	10061	100
#idle hold left
539	10062	100
#walk hold right
540	10063	100	10064	100
#walk hold left
541	10065	100	10066	100
#hit right
542	10067	100
#hit left
543	10068	100
#sit right
544	10069	100
#sit left
545	10070	100
#run right
576	10052	25	10053	25
#run left
577	10055	25	10056	25
#swift right
578	10103	25	10104	25	10105	25
#swift left
579	10106	25	10107	25	10108	25
#jump high right
580	10109	0
#jump high left
581	10111	0
#fly right
582	10109	50	10110	50	10127	50
#fly left
583	10111	50	10112	50	10128	50
#hit right
584	10129	100	10113	100	10130	100	10114	100	10129	100
#hit left
585	10130	100	10113	100	10129	100	10114	100	10130	100

#FIRE 546 - 563
#idle right
546	10071	100
#idle left
547	10074	100
#walk right
548	10072	100	10073	100
#walk left
549	10075	100	10076	100
#stop right
550	10077	100
#stop left
551	10078	100
#jump up right 
552	10079	100
#jump up left 
553	10080	100
#jump down right 
554	10073	100
#jump down left 
555	10076	100
#idle hold right
556	10081	100
#idle hold left
557	10082	100
#walk hold right
558	10083	100	10084	100
#walk hold left
559	10085	100	10086	100
#hit right
560	10087	100
#hit left
561	10088	100
#sit right
562	10089	100
#sit left
563	10090	100
#run right
586	10072	25	10073	25
#run left
587	10075	25	10076	25
#swift right
588	10115	25	10116	25	10117	25
#swift left
589	10118	25	10119	25	10120	25
#fly right
592	10121	100
#fly left
593	10122	100
#throw fire right
594	10123	100	10071	100
#throw fire left
595	10124	100	10074	100
#jump hit right
596	10021	50	10125	50
#jump hit left
597	10022	50	10126	50
#slow fall right
598	10059	100	10131	100
#slow fall left
599	10060	100	10132	100

# === FIREBALL ====
603	60001	100	60002	100	60003	100	60004	100
604	60005	100	60006	100	60007	100	60008	100

# ==== BRICK =========
601	20001	100

# ==== QUESTION MARK BRICK =========
602	40001	100	40002	100	40003	100	40004	100
605	40005	100

# ==== BREAKABLE BRICK =====
606	40006	100	40007	100	40008	100	40009	100	40010	100
607	40011	0

# ==== PIPE =====
608	20002	0
609	20003	0

# ==== KOOPAS  =========
#walk left
801	50001	100	50002	100
#walk right
802	50011	100	50012	100
#die
803	50031	100
#die ngua
804	50032	100
#rolling
805	50031	100	50021	100	50022	100	50023	100
#rolling ngua
806	50024	100	50025	100	50026	100	50027	100
#fly left
807	50041	100	50042	100	50043	100	50044	100
#fly right
808	50045	100	50046	100	50047	100	50048	100
#walk left
809	50049	100	50050	100
#walk right
810	50051	100	50052	100
#die
811	50053	100
#die ngua
812	50061	100
#rolling
813	50053	100	50055	100	50056	100	50057	100
#rolling ngua
814	50058	100	50059	100	50060	100	50061	100
#fly left
815	50062	100	50063	100	50064	100	50065	100
#fly right
816	50066	100	50067	100	50068	100	50069	100

# === ITEM ===
# COIN
901	70001	100	70002	100	70003	100
# 902	70001	100
# LEAF
902	70004	0
903	70005	0
# RED MUSROOM
904	70006	0
# GREEN MUSROOM
905	70007	0
# SWITCH UP
906	70008	100	70009	100
# SWITCH DOWN
907	70010	0

# === EFFECT ===
101	80001	0
102	80002	0
124	80005	0

# === POWER ===
119	1010	0
103	1011	0
104	1010	100	1011	100

== PLAYCARD ==
120	203	0
121	214	0
122	215	0
123	216	0

# === MARIO TRANSFORM ===
# left
105	10001	100	10134	100
right
106	10011	100	10133	100

# === MARIO GO TO PIPE ===
107	10135	0
108	10136	0
109	10137	0
110	10138	0

# === END POINT ===
111	203	0
112	204	0
113	205	0
114	206	0
#musroom
115	207	50	208	50	213	50
#flower
116	209	50	210	50	213	50
#star
117	211	50	212	50	213	50

# === EFFECT ===
118	80003	100	80004	100	21	0

#boomerang brother
#right
#walking
9901	9921	100	9931	100
9904	9922	100	9932	100
#firing
9902	9901	100	9911	100
9905	9902	100	9912	100
#boomerang
9962	9942	100	9952	100	9962	100	9972	100
#die
9903	9941	100	9951	100


# === MOVING WOOD =====
100000	100000	100

#
# id	ani1	ani2	ani3
#
[ANIMATION_SETS]
# MARIO
1	400	401	402	403	500	501	502	503	404	504	505	506	507	508	509	510	511	512	513	514	515	516	517	518	519	520	521	522	523	524	525	526	527	528	529	530	531	532	533	534	535	536	537	538	539	540	541	542	543	544	545	546	547	548	549	550	551	552	553	554	555	556	557	558	559	560	561	562	563	564	565	566	567	568	569	570	571	572	573	574	575	576	577	578	579	580	581	582	583	584	585	586	587	588	589	590	591	592	593	594	595	596	597	598	599	105	218	106	107	108	109	110
# BRICK 
2	601
# QUESTION MARK BRICK 
22	602	605	606	607	901
#boomerang brother
3	9901	9902	9903	9962	9904	9905
# KOOPAS
4	801	802	803	804	805	806	807	808	809	810	811	812	813	814	815	816
# FIREBALL
5	603	604
# ITEM
6	901	902	903	904	905	906	907
# EFFECT
7	101	218	102	117	116	115	118	124
# POWER
8	119	103	104
# PIPE
10	608	608	608	609	609
# END POINT
11	111	114	113	112
# CARD
12	120	121	122	123
# MOVING WOOD
13	100000

[OBJECTS]
# type	x	y	ani_set_id	extra_settings per object type
# type: 0 = Mario , 1 = Brick, 2 = Goomba, 3 = Koopas, 4= Ground, 8 = Venus red, 9 = Venus green
# 10 = Piranha, 11 = Pipe normal, 12 = Pipe green down, 13 = Pipe green up, 14 = Pipe red down,
# 15 = Pipe red up, 16 = End point, 17 = Red Koopas, 18 = Moving wood,
# 19 = Boomerang bro

# MARIO
#0	10	300	1
0	1940	300	1

# KOOPAS
# state: 100 = normal, 600 = fly, 700 = RED, 800 = RED FLY
#3	100	200	4	100
17	1950	312	4	100
17	1868	292	4	800

# END POINT
16	2443	331	11

# PIPE
#11	352	368	10
12	1936	336	10	2192	384
#11	1856	364	1034
#11	1792	384	10
#14	2096	464	10
#15	2320	464	10	2325	410
13	2192	384	10

# BRICK 
# --- platform (hint: I created the list using Excel!) ----
# item: 0 = coin, 1 = leaf, 2 = red musroom, 3 = green musroom, 4 = switch block
7	224	352	22	0
7	240	352	22	0
7	256	352	22	0
7	272	352	22	0

7	384	336	22	0
7	400	336	22	0
7	416	336	22	0
7	432	336	22	0
7	448	336	22	0

7	608	288	22	0
7	624	288	22	0
7	640	288	22	0
7	656	288	22	0

7	753	320	22	0
7	753	336	22	0
7	753	352	22	0
7	753	368	22	0

7	769	368	22	0
7	785	368	22	0
7	801	368	22	0

7	641	368	22	0
7	657	368	22	0

7	865	337	22	0
7	865	353	22	0
7	865	369	22	0
7	865	385	22	0

7	881	385	22	0
7	897	385	22	0
7	913	385	22	0

7	945	336	22	0
7	961	352	22	0
7	945	352	22	0

7	960	399	22	0
7	976	399	22	0
7	992	399	22	0
7	1008	399	22	0

7	1008	352	22	0
7	1024	352	22	0
7	1040	352	22	0
7	1056	352	22	0
7	1072	352	22	0

7	1152	384	22	0
7	1168	384	22	0
7	1184	384	22	0
7	1200	384	22	0
7	1216	384	22	0

7	1184	305	22	0
7	1200	305	22	0
7	1216	305	22	0
7	1232	305	22	0
7	1232	289	22	0

7	1265	369	22	0
7	1281	369	22	0

7	1392	304	22	0
7	1408	304	22	0
7	1424	304	22	0

7	1537	287	22	0
7	1537	303	22	0

7	1537	368	22	0
7	1537	384	22	0
7	1537	400	22	0
7	1553	400	22	0
7	1569	400	22	0
7	1585	400	22	0

7	1728	288	22	0
7	1728	304	22	0
7	1728	320	22	0

7	1776	368	22	0
7	1790	368	22	0
7	1806	368	22	0
# GROUND
4	0	352	0	160	500	0
4	-10	0	0	0	430	0
4	2000	416	0	2576	500	0

4	1920	398	0	2047	432	0
4	1936	375	0	1965	398	0
4	2032	239	0	2046	398	0

#ITEM
#COIN
6	337	304	6	0
6	353	304	6	0
6	369	304	6	0
6	417	272	6	0
6	433	272	6	0
6	449	272	6	0
6	769	304	6	0
6	785	304	6	0
6	801	304	6	0
6	849	272	6	0
6	865	272	6	0
6	881	272	6	0
6	1329	288	6	0
6	1345	288	6	0
6	1361	288	6	0
6	1505	272	6	0
6	1521	272	6	0
6	1537	272	6	0
6	1553	272	6	0
6	1569	272	6	0
6	1585	272	6	0
6	1601	272	6	0
6	1617	272	6	0
6	1889	272	6	0
6	1905	272	6	0
6	1921	272	6	0

# MOVING WOOD
#18	366	320	13
#18	560	350	13
#18	590	303	13
#18	625	399	13
#18	753	336	13
#18	1088	383	13
#18	1199	321	13
#18	1375	352	13
#18	1409	355	13
#18	1533	302	13
#18	1744	383	13
#18	1793	414	13
#18	1776	333	13

# BOOMERANG BRO
19	2120	289	3

# --- SCENE PORTAL ----
# type	l	t	ani_set_id	r	b	scene_id
# 50	300	98	0	380	150	1

#[GRID]
#scenes\map\grid1.txt